posx/ posy/ magnitud_g/ cielo_g/ magnitud_r/ cielo_r/ G-R/ 
215	320	17.332	0.013	16.879	0.021	0.453
243	316	19.724	0.013	18.648	0.021	1.076
179	324	19.819	0.013	18.613	0.021	1.206
192	327	22.46	0.013	21.256	0.021	1.204
178	348	20.578	0.013	19.467	0.021	1.111
151	338	20.353	0.013	19.125	0.021	1.228
152	319	20.124	0.013	18.976	0.021	1.148
142	327	24.015	0.013	22.138	0.021	1.877
157	309	23.35	0.013	22.08	0.021	1.27
162	304	23.686	0.013	22.067	0.021	1.619
217	301	21.444	0.013	20.248	0.021	1.196
206	294	20.631	0.013	19.234	0.021	1.397
194	293	19.528	0.013	18.484	0.021	1.044
203	284	22.83	0.013	21.437	0.021	1.393
236	269	22.405	0.013	21.007	0.021	1.398
192	272	24.042	0.013	22.676	0.021	1.366
198	267	21.231	0.013	19.834	0.021	1.397
209	263	22.796	0.013	21.188	0.021	1.608
193	261	23.226	0.013	21.805	0.021	1.421
201	260	23.502	0.013	22.005	0.021	1.497
153	268	21.689	0.013	20.353	0.021	1.336
163	285	24.719	0.013	22.939	0.021	1.78
177	276	24.456	0.013	22.789	0.021	1.667
141	279	22.312	0.013	21.337	0.021	0.975
136	300	21.59	0.013	20.393	0.021	1.197
130	306	22.862	0.013	21.622	0.021	1.24
120	308	22.114	0.013	20.919	0.021	1.195
113	299	22.269	0.013	20.732	0.021	1.537
100	313	24.665	0.013	22.92	0.021	1.745
96	298	21.491	0.013	20.308	0.021	1.183
90	308	22.567	0.013	21.22	0.021	1.347
97	323	21.356	0.013	19.98	0.021	1.376
111	341	24.463	0.013	22.992	0.021	1.471
110	353	24.664	0.013	23.574	0.021	1.09
207	352	23.293	0.013	21.932	0.021	1.361
186	256	22.044	0.013	20.784	0.021	1.26
178	248	23.521	0.013	21.933	0.021	1.588
163	254	24.289	0.013	22.557	0.021	1.732
138	249	24.641	0.013	22.94	0.021	1.701
84	261	19.372	0.013	17.568	0.021	1.804
249	283	20.98	0.013	19.752	0.021	1.228
245	273	22.2	0.013	21.154	0.021	1.046
243	259	22.813	0.013	21.286	0.021	1.527
228	249	23.938	0.013	22.519	0.021	1.419
245	249	23.467	0.013	22.193	0.021	1.274
256	305	23.396	0.013	22.223	0.021	1.173
251	302	23.721	0.013	22.262	0.021	1.459
237	326	23.628	0.013	22.126	0.021	1.502
232	343	20.942	0.013	19.829	0.021	1.113
243	342	23.828	0.013	22.478	0.021	1.35
252	332	21.138	0.013	19.987	0.021	1.151
265	299	21.506	0.013	20.094	0.021	1.412
267	284	19.893	0.013	18.663	0.021	1.23
272	266	22.194	0.013	21.028	0.021	1.166
270	253	19.224	0.013	18.114	0.021	1.11
278	249	20.802	0.013	19.717	0.021	1.085
283	256	21.012	0.013	19.855	0.021	1.157
285	299	21.037	0.013	19.447	0.021	1.59
295	300	21.271	0.013	20.015	0.021	1.256
273	322	22.346	0.013	21.131	0.021	1.215
275	334	19.646	0.013	18.459	0.021	1.187
297	331	21.491	0.013	20.113	0.021	1.378
292	317	22.727	0.013	21.469	0.021	1.258
292	284	20.849	0.013	19.62	0.021	1.229
302	275	22.066	0.013	21.054	0.021	1.012
318	267	22.051	0.013	20.897	0.021	1.154
307	274	22.341	0.013	21.56	0.021	0.781
313	325	23.563	0.013	22.012	0.021	1.551
302	349	21.755	0.013	20.573	0.021	1.182
315	332	22.369	0.013	20.75	0.021	1.619
286	359	19.18	0.013	17.384	0.021	1.796
322	304	20.847	0.013	19.488	0.021	1.359
317	290	21.72	0.013	20.756	0.021	0.964
328	290	23.658	0.013	22.306	0.021	1.352
325	270	23.193	0.013	21.792	0.021	1.401
340	290	23.159	0.013	21.567	0.021	1.592
347	311	20.923	0.013	19.285	0.021	1.638
344	263	20.146	0.013	18.923	0.021	1.223
357	257	22.62	0.013	21.148	0.021	1.472
71	396	24.32	0.013	22.649	0.021	1.671
65	428	23.474	0.013	21.714	0.021	1.76
75	439	21.697	0.013	20.377	0.021	1.32
67	443	23.924	0.013	22.441	0.021	1.483
43	431	21.43	0.013	20.034	0.021	1.396
46	453	21.776	0.013	20.564	0.021	1.212
33	455	24.83	0.013	23.402	0.021	1.428
18	473	23.186	0.013	21.687	0.021	1.499
20	384	23.148	0.013	21.663	0.021	1.485
37	371	22.085	0.013	20.783	0.021	1.302
104	418	22.539	0.013	20.984	0.021	1.555
118	461	23.389	0.013	21.886	0.021	1.503
138	433	23.605	0.013	22.129	0.021	1.476
104	382	22.382	0.013	21.044	0.021	1.338
120	406	23.407	0.013	21.903	0.021	1.504
145	429	22.368	0.013	21.064	0.021	1.304
145	423	21.598	0.013	20.368	0.021	1.23
134	410	24.222	0.013	22.71	0.021	1.512
131	390	21.505	0.013	20.388	0.021	1.117
122	378	22.44	0.013	21.198	0.021	1.242
134	375	21.992	0.013	20.517	0.021	1.475
155	437	21.673	0.013	20.427	0.021	1.246
157	470	23.241	0.013	21.805	0.021	1.436
159	397	21.15	0.013	19.991	0.021	1.159
160	380	21.69	0.013	20.358	0.021	1.332
169	415	18.97	0.013	18.444	0.021	0.526
170	403	23.135	0.013	21.747	0.021	1.388
177	397	23.677	0.013	22.063	0.021	1.614
168	383	23.073	0.013	21.613	0.021	1.46
168	374	22.838	0.013	21.692	0.021	1.146
154	451	24.476	0.013	22.634	0.021	1.842
163	458	22.278	0.013	20.801	0.021	1.477
176	444	21.401	0.013	20.123	0.021	1.278
163	432	23.703	0.013	22.123	0.021	1.58
191	423	20.113	0.013	18.869	0.021	1.244
194	394	22.32	0.013	20.773	0.021	1.547
180	457	22.594	0.013	21.117	0.021	1.477
184	466	23.033	0.013	21.438	0.021	1.595
191	377	24.745	0.013	23.196	0.021	1.549
204	377	24.557	0.013	22.967	0.021	1.59
196	448	24.119	0.013	22.263	0.021	1.856
204	429	24.642	0.013	23.055	0.021	1.587
215	437	21.552	0.013	20.336	0.021	1.216
208	443	24.582	0.013	22.949	0.021	1.633
216	461	24.79	0.013	24.231	0.021	0.559
219	421	23.621	0.013	22.072	0.021	1.549
221	412	22.168	0.013	20.869	0.021	1.299
211	401	22.575	0.013	21.146	0.021	1.429
249	384	19.85	0.013	18.708	0.021	1.142
245	379	20.891	0.013	19.764	0.021	1.127
194	369	22.708	0.013	21.194	0.021	1.514
247	421	23.327	0.013	21.848	0.021	1.479
244	399	24.092	0.013	22.354	0.021	1.738
278	471	23.33	0.013	22.116	0.021	1.214
313	448	24.428	0.013	23.1	0.021	1.328
303	470	20.169	0.013	19.035	0.021	1.134
287	439	20.446	0.013	19.285	0.021	1.161
317	427	19.538	0.013	18.182	0.021	1.356
339	461	23.168	0.013	21.712	0.021	1.456
328	406	22.87	0.013	21.483	0.021	1.387
323	399	22.915	0.013	21.326	0.021	1.589
333	369	24.239	0.013	22.533	0.021	1.706
305	361	20.213	0.013	18.601	0.021	1.612
245	362	20.401	0.013	19.205	0.021	1.196
282	367	23.53	0.013	21.827	0.021	1.703
185	363	24.452	0.013	22.593	0.021	1.859
203	367	23.048	0.013	21.519	0.021	1.529
163	350	24.326	0.013	22.766	0.021	1.56
223	357	22.469	0.013	21.064	0.021	1.405
351	442	23.755	0.013	22.12	0.021	1.635
358	447	24.526	0.013	22.869	0.021	1.657
365	457	21.118	0.013	19.407	0.021	1.711
356	478	22.313	0.013	20.997	0.021	1.316
363	433	23.349	0.013	21.88	0.021	1.469
375	425	21.956	0.013	20.672	0.021	1.284
348	385	23.345	0.013	21.794	0.021	1.551
377	398	24.372	0.013	22.742	0.021	1.63
403	433	22.058	0.013	20.88	0.021	1.178
391	454	23.854	0.013	22.416	0.021	1.438
374	479	23.912	0.013	22.361	0.021	1.551
418	476	20.663	0.013	19.633	0.021	1.03
428	473	24.525	0.013	22.883	0.021	1.642
436	456	21.015	0.013	20.04	0.021	0.975
428	420	23.931	0.013	22.146	0.021	1.785
455	422	21.635	0.013	20.233	0.021	1.402
491	435	20.737	0.013	18.023	0.021	2.714
460	407	22.018	0.013	20.472	0.021	1.546
464	401	23.447	0.013	21.954	0.021	1.493
478	405	22.936	0.013	21.57	0.021	1.366
435	373	24.305	0.013	22.673	0.021	1.632
401	364	24.609	0.013	22.889	0.021	1.72
381	317	24.154	0.013	22.592	0.021	1.562
381	310	22.292	0.013	20.962	0.021	1.33
469	348	18.351	0.013	17.568	0.021	0.783
479	361	23.96	0.013	22.383	0.021	1.577
465	327	24.213	0.013	22.708	0.021	1.505
425	318	21.939	0.013	20.31	0.021	1.629
451	304	22.591	0.013	21.057	0.021	1.534
450	296	23.003	0.013	21.66	0.021	1.343
403	304	22.908	0.013	21.382	0.021	1.526
400	290	20.577	0.013	19.248	0.021	1.329
406	275	23.092	0.013	21.822	0.021	1.27
413	270	22.455	0.013	20.965	0.021	1.49
464	260	21.132	0.013	19.976	0.021	1.156
493	271	16.876	0.013	16.662	0.021	0.214
288	216	21.517	0.013	20.448	0.021	1.069
244	215	22.989	0.013	20.903	0.021	2.086
270	236	22.662	0.013	21.479	0.021	1.183
249	229	22.682	0.013	21.395	0.021	1.287
311	243	21.592	0.013	20.384	0.021	1.208
354	229	20.496	0.013	19.457	0.021	1.039
336	215	23.059	0.013	21.642	0.021	1.417
338	211	22.599	0.013	21.405	0.021	1.194
323	189	21.464	0.013	20.279	0.021	1.185
340	197	23.055	0.013	21.901	0.021	1.154
290	200	22.726	0.013	21.339	0.021	1.387
278	216	23.755	0.013	22.349	0.021	1.406
372	233	23.101	0.013	21.6	0.021	1.501
360	236	23.433	0.013	21.935	0.021	1.498
361	218	20.808	0.013	19.874	0.021	0.934
391	243	19.83	0.013	18.694	0.021	1.136
393	252	22.995	0.013	21.338	0.021	1.657
344	239	23.288	0.013	22.034	0.021	1.254
411	239	24.772	0.013	23.445	0.021	1.327
395	213	19.859	0.013	18.748	0.021	1.111
373	247	24.385	0.013	22.786	0.021	1.599
302	190	22.718	0.013	21.305	0.021	1.413
437	211	23.898	0.013	22.437	0.021	1.461
471	208	24.456	0.013	22.984	0.021	1.472
481	192	22.993	0.013	21.283	0.021	1.71
488	182	24.011	0.013	21.958	0.021	2.053
479	183	24.305	0.013	22.707	0.021	1.598
424	242	24.537	0.013	23.108	0.021	1.429
451	228	24.291	0.013	22.911	0.021	1.38
361	204	24.493	0.013	22.464	0.021	2.029
370	199	22.489	0.013	20.973	0.021	1.516
433	203	24.681	0.013	23.054	0.021	1.627
432	157	24.354	0.013	22.417	0.021	1.937
423	196	21.95	0.013	20.581	0.021	1.369
419	152	23.029	0.013	21.769	0.021	1.26
386	156	21.389	0.013	20.257	0.021	1.132
405	170	21.637	0.013	20.194	0.021	1.443
354	150	23.694	0.013	23.188	0.021	0.506
332	158	23.238	0.013	21.941	0.021	1.297
452	147	23.994	0.013	22.46	0.021	1.534
321	180	24.118	0.013	23.377	0.021	0.741
315	181	23.745	0.013	22.813	0.021	0.932
335	173	24.006	0.013	23.44	0.021	0.566
299	180	24.105	0.013	22.779	0.021	1.326
300	164	22.439	0.013	21.274	0.021	1.165
288	187	20.061	0.013	18.653	0.021	1.408
290	180	21.249	0.013	20.04	0.021	1.209
289	161	22.783	0.013	21.483	0.021	1.3
281	150	23.108	0.013	21.976	0.021	1.132
272	200	20.393	0.013	19.21	0.021	1.183
270	185	21.783	0.013	20.796	0.021	0.987
210	236	21.766	0.013	20.615	0.021	1.151
321	146	23.914	0.013	22.944	0.021	0.97
175	229	20.518	0.013	19.441	0.021	1.077
234	215	23.468	0.013	22.233	0.021	1.235
227	212	20.202	0.013	19.012	0.021	1.19
232	204	21.654	0.013	20.591	0.021	1.063
252	190	21.167	0.013	19.96	0.021	1.207
216	200	20.724	0.013	19.025	0.021	1.699
217	158	20.688	0.013	19.601	0.021	1.087
209	165	23.044	0.013	21.997	0.021	1.047
258	160	21.146	0.013	20.036	0.021	1.11
196	169	23.953	0.013	22.649	0.021	1.304
183	175	24.587	0.013	23.16	0.021	1.427
59	339	23.565	0.013	22.199	0.021	1.366
87	321	22.159	0.013	20.963	0.021	1.196
85	339	23.401	0.013	21.884	0.021	1.517
60	302	20.269	0.013	19.175	0.021	1.094
80	326	23.008	0.013	21.519	0.021	1.489
12	339	21.977	0.013	20.537	0.021	1.44
55	316	24.478	0.013	22.739	0.021	1.739
44	307	24.35	0.013	23.063	0.021	1.287
38	306	24.622	0.013	22.923	0.021	1.699
20	308	21.875	0.013	20.566	0.021	1.309
64	308	23.976	0.013	21.82	0.021	2.156
73	279	23.913	0.013	22.341	0.021	1.572
41	291	24.196	0.013	22.689	0.021	1.507
26	291	22.202	0.013	20.834	0.021	1.368
76	295	23.318	0.013	21.831	0.021	1.487
21	251	23.264	0.013	21.977	0.021	1.287
92	243	23.676	0.013	22.318	0.021	1.358
82	250	24.74	0.013	22.811	0.021	1.929
171	221	22.729	0.013	21.412	0.021	1.317
161	224	20.751	0.013	19.556	0.021	1.195
131	242	23.08	0.013	21.82	0.021	1.26
149	195	21.117	0.013	19.431	0.021	1.686
166	234	21.408	0.013	20.038	0.021	1.37
127	233	20.087	0.013	18.718	0.021	1.369
131	228	22.558	0.013	21.288	0.021	1.27
167	180	21.261	0.013	19.772	0.021	1.489
136	211	24.169	0.013	22.471	0.021	1.698
112	210	21.442	0.013	20.059	0.021	1.383
119	222	23.316	0.013	21.856	0.021	1.46
130	219	22.002	0.013	20.77	0.021	1.232
91	215	23.456	0.013	21.609	0.021	1.847
61	205	22.487	0.013	21.149	0.021	1.338
110	229	21.007	0.013	20.048	0.021	0.959
75	196	22.754	0.013	21.025	0.021	1.729
28	206	22.589	0.013	21.217	0.021	1.372
72	215	20.745	0.013	19.044	0.021	1.701
32	162	17.685	0.013	17.627	0.021	0.058
18	181	21.907	0.013	20.564	0.021	1.343
99	171	23.382	0.013	21.885	0.021	1.497
99	186	22.621	0.013	21.131	0.021	1.49
113	147	22.813	0.013	21.495	0.021	1.318
78	138	21.983	0.013	20.634	0.021	1.349
13	110	19.97	0.013	17.792	0.021	2.178
63	85	20.938	0.013	19.917	0.021	1.021
119	155	20.278	0.013	19.078	0.021	1.2
118	97	20.277	0.013	19.351	0.021	0.926
103	116	22.299	0.013	21.222	0.021	1.077
152	116	21.686	0.013	20.697	0.021	0.989
120	134	19.902	0.013	18.166	0.021	1.736
168	117	20.466	0.013	19.305	0.021	1.161
161	107	20.768	0.013	19.398	0.021	1.37
157	91	21.982	0.013	20.679	0.021	1.303
169	129	22.251	0.013	20.808	0.021	1.443
136	90	23.3	0.013	22.102	0.021	1.198
137	107	23.549	0.013	22.498	0.021	1.051
182	97	21.691	0.013	20.717	0.021	0.974
228	94	19.123	0.013	18.206	0.021	0.917
240	133	18.884	0.013	18.169	0.021	0.715
208	122	19.641	0.013	18.247	0.021	1.394
197	90	18.786	0.013	18.129	0.021	0.657
275	92	21.815	0.013	20.904	0.021	0.911
249	138	20.728	0.013	19.488	0.021	1.24
281	105	22.552	0.013	21.307	0.021	1.245
301	115	22.825	0.013	21.582	0.021	1.243
261	104	22.976	0.013	21.687	0.021	1.289
323	117	22.153	0.013	20.977	0.021	1.176
320	104	22.633	0.013	21.162	0.021	1.471
180	140	23.152	0.013	21.861	0.021	1.291
190	142	23.606	0.013	21.905	0.021	1.701
89	122	23.808	0.013	21.675	0.021	2.133
130	69	21.025	0.013	19.55	0.021	1.475
76	70	23.215	0.013	21.717	0.021	1.498
64	18	19.083	0.013	17.944	0.021	1.139
29	44	21.271	0.013	20.224	0.021	1.047
74	27	21.281	0.013	20.114	0.021	1.167
79	55	19.285	0.013	18.353	0.021	0.932
106	13	21.094	0.013	19.716	0.021	1.378
147	32	23.432	0.013	21.795	0.021	1.637
92	36	20.262	0.013	18.378	0.021	1.884
128	23	22.822	0.013	21.721	0.021	1.101
161	46	23.308	0.013	21.911	0.021	1.397
184	44	23.807	0.013	22.056	0.021	1.751
323	72	21.659	0.013	20.268	0.021	1.391
243	45	22.534	0.013	20.748	0.021	1.786
352	52	19.798	0.013	18.486	0.021	1.312
267	27	22.998	0.013	21.629	0.021	1.369
316	15	22.383	0.013	20.517	0.021	1.866
256	18	23.644	0.013	22.164	0.021	1.48
355	122	22.831	0.013	21.389	0.021	1.442
418	142	22.887	0.013	21.458	0.021	1.429
424	137	22.079	0.013	21.111	0.021	0.968
371	80	20.39	0.013	19.083	0.021	1.307
407	92	22.097	0.013	21.241	0.021	0.856
423	83	21.342	0.013	19.993	0.021	1.349
470	108	23.722	0.013	22.258	0.021	1.464
410	16	20.921	0.013	19.68	0.021	1.241
385	32	22.852	0.013	21.315	0.021	1.537
420	30	22.204	0.013	20.722	0.021	1.482
462	42	23.622	0.013	22.267	0.021	1.355
438	36	21.602	0.013	20.134	0.021	1.468
