posx/ posy/ cuentas_g/ magnitud_g/ cielo_g/ cuentas_r/ magnitud_r/ cielo_r/ G-R/ 
215	320	78.487	20.263	0.013	67.104	20.433	0.021	-0.17
243	316	2.401	24.049	0.013	7.706	22.783	0.021	1.266
179	324	17.143	21.915	0.013	38.292	21.042	0.021	0.873
192	327	0.427	25.924	0.013	0.691	25.401	0.021	0.523
178	348	2.178	24.155	0.013	7.62	22.795	0.021	1.36
151	338	2.03	24.231	0.013	6.323	22.998	0.021	1.233
152	319	3.983	23.499	0.013	5.034	23.245	0.021	0.254
142	327	0.095	27.554	0.013	0.467	25.826	0.021	1.728
157	309	0.091	27.6	0.013	0.275	26.4	0.021	1.2
162	304	0.115	27.35	0.013	0.516	25.719	0.021	1.631
217	301	1.841	24.338	0.013	2.487	24.011	0.021	0.327
206	294	0.845	25.184	0.013	2.831	23.87	0.021	1.314
194	293	2.026	24.233	0.013	6.347	22.994	0.021	1.239
203	284	0.142	27.118	0.013	0.574	25.602	0.021	1.516
236	269	0.466	25.829	0.013	1.966	24.266	0.021	1.563
192	272	0.029	28.853	0.013	0.185	26.832	0.021	2.021
198	267	0.649	25.469	0.013	2.608	23.959	0.021	1.51
209	263	0.079	27.749	0.013	0.254	26.486	0.021	1.263
193	261	0.263	26.45	0.013	0.542	25.665	0.021	0.785
201	260	0.103	27.469	0.013	0.393	26.014	0.021	1.455
153	268	1.003	24.997	0.013	1.315	24.702	0.021	0.295
163	285	0.013	29.703	0.013	0.052	28.215	0.021	1.488
177	276	0.06	28.055	0.013	0.297	26.319	0.021	1.736
141	279	0.999	25.001	0.013	1.7	24.424	0.021	0.577
136	300	0.826	25.208	0.013	2.937	23.83	0.021	1.378
130	306	0.123	27.279	0.013	0.398	25.999	0.021	1.28
120	308	0.428	25.923	0.013	1.833	24.342	0.021	1.581
113	299	0.361	26.106	0.013	1.028	24.97	0.021	1.136
100	313	0.029	28.853	0.013	0.105	27.447	0.021	1.406
96	298	0.599	25.556	0.013	2.155	24.166	0.021	1.39
90	308	0.322	26.23	0.013	1.487	24.569	0.021	1.661
97	323	0.256	26.481	0.013	0.937	25.07	0.021	1.411
111	341	0.04	28.482	0.013	0.105	27.45	0.021	1.032
110	353	0.076	27.804	0.013	0.035	28.628	0.021	-0.824
207	352	0.286	26.358	0.013	1.226	24.779	0.021	1.579
186	256	0.76	25.299	0.013	1.198	24.804	0.021	0.495
178	248	0.224	26.624	0.013	1.433	24.61	0.021	2.014
163	254	0.068	27.92	0.013	0.292	26.337	0.021	1.583
138	249	0.04	28.482	0.013	0.025	29.0	0.021	-0.518
84	261	8.737	22.647	0.013	123.479	19.771	0.021	2.876
249	283	0.626	25.509	0.013	2.046	24.223	0.021	1.286
245	273	0.716	25.363	0.013	1.71	24.418	0.021	0.945
243	259	0.208	26.703	0.013	0.569	25.612	0.021	1.091
228	249	0.017	29.423	0.013	0.137	27.157	0.021	2.266
245	249	0.076	27.804	0.013	0.111	27.391	0.021	0.413
256	305	0.15	27.06	0.013	0.244	26.531	0.021	0.529
251	302	-0.006	nan	0.013	0.095	27.56	0.021	nan
237	326	0.037	28.594	0.013	0.218	26.656	0.021	1.938
232	343	0.748	25.316	0.013	2.312	24.09	0.021	1.226
243	342	0.04	28.483	0.013	0.111	27.391	0.021	1.092
252	332	0.865	25.157	0.013	1.052	24.945	0.021	0.212
265	299	1.497	24.562	0.013	6.128	23.032	0.021	1.53
267	284	4.018	23.49	0.013	27.917	21.385	0.021	2.105
272	266	0.411	25.964	0.013	0.532	25.685	0.021	0.279
270	253	13.253	22.194	0.013	48.479	20.786	0.021	1.408
278	249	3.007	23.805	0.013	2.847	23.864	0.021	-0.059
283	256	1.427	24.614	0.013	4.347	23.405	0.021	1.209
285	299	3.155	23.752	0.013	13.573	22.168	0.021	1.584
295	300	0.98	25.022	0.013	3.312	23.7	0.021	1.322
273	322	0.414	25.957	0.013	0.538	25.673	0.021	0.284
275	334	2.491	24.009	0.013	7.331	22.837	0.021	1.172
297	331	0.853	25.172	0.013	3.327	23.695	0.021	1.477
292	317	0.259	26.467	0.013	0.436	25.902	0.021	0.565
292	284	2.28	24.105	0.013	7.3	22.842	0.021	1.263
302	275	0.216	26.662	0.013	0.667	25.44	0.021	1.222
318	267	0.529	25.691	0.013	1.874	24.318	0.021	1.373
307	274	0.521	25.707	0.013	0.565	25.619	0.021	0.088
313	325	0.09	27.618	0.013	0.278	26.389	0.021	1.229
302	349	1.718	24.413	0.013	4.386	23.395	0.021	1.018
315	332	0.493	25.768	0.013	2.222	24.133	0.021	1.635
286	359	9.065	22.607	0.013	43.979	20.892	0.021	1.715
322	304	1.884	24.313	0.013	8.183	22.718	0.021	1.595
317	290	0.191	26.799	0.013	0.644	25.479	0.021	1.32
328	290	0.122	27.283	0.013	0.146	27.086	0.021	0.197
325	270	0.277	26.393	0.013	1.015	24.984	0.021	1.409
340	290	0.108	27.42	0.013	0.456	25.852	0.021	1.568
347	311	2.272	24.109	0.013	7.362	22.832	0.021	1.277
344	263	3.725	23.572	0.013	13.573	22.168	0.021	1.404
357	257	0.176	26.886	0.013	0.365	26.095	0.021	0.791
71	396	0.099	27.509	0.013	0.334	26.191	0.021	1.318
65	428	0.361	26.107	0.013	1.708	24.419	0.021	1.688
75	439	1.821	24.349	0.013	6.604	22.95	0.021	1.399
67	443	0.162	26.979	0.013	0.813	25.224	0.021	1.755
43	431	1.473	24.579	0.013	4.901	23.274	0.021	1.305
46	453	2.401	24.049	0.013	5.315	23.186	0.021	0.863
33	455	0.056	28.126	0.013	0.04	28.486	0.021	-0.36
18	473	0.517	25.716	0.013	1.159	24.84	0.021	0.876
20	384	0.517	25.716	0.013	0.997	25.003	0.021	0.713
37	371	0.592	25.57	0.013	1.659	24.45	0.021	1.12
104	418	0.435	25.904	0.013	1.319	24.699	0.021	1.205
118	461	0.329	26.206	0.013	1.712	24.416	0.021	1.79
138	433	0.122	27.281	0.013	0.543	25.663	0.021	1.618
104	382	0.635	25.494	0.013	2.491	24.009	0.021	1.485
120	406	0.169	26.929	0.013	1.001	24.999	0.021	1.93
145	429	0.576	25.599	0.013	2.421	24.04	0.021	1.559
145	423	0.47	25.82	0.013	1.657	24.452	0.021	1.368
134	410	0.216	26.663	0.013	0.989	25.012	0.021	1.651
131	390	1.196	24.806	0.013	2.593	23.966	0.021	0.84
122	378	0.884	25.134	0.013	3.933	23.513	0.021	1.621
134	375	0.798	25.246	0.013	2.19	24.149	0.021	1.097
155	437	1.194	24.807	0.013	3.913	23.519	0.021	1.288
157	470	0.212	26.682	0.013	1.03	24.968	0.021	1.714
159	397	1.841	24.338	0.013	6.245	23.011	0.021	1.327
160	380	1.063	24.933	0.013	2.937	23.83	0.021	1.103
169	415	3.483	23.645	0.013	8.104	22.728	0.021	0.917
170	403	0.4	25.996	0.013	1.435	24.608	0.021	1.388
177	397	0.282	26.372	0.013	1.392	24.641	0.021	1.731
168	383	0.185	26.832	0.013	0.771	25.282	0.021	1.55
168	374	0.228	26.605	0.013	0.852	25.174	0.021	1.431
154	451	0.021	29.2	0.013	0.233	26.58	0.021	2.62
163	458	0.595	25.565	0.013	2.562	23.979	0.021	1.586
176	444	0.656	25.458	0.013	1.96	24.269	0.021	1.189
163	432	0.162	26.979	0.013	0.27	26.42	0.021	0.559
191	423	2.35	24.072	0.013	7.761	22.775	0.021	1.297
194	394	0.881	25.138	0.013	3.765	23.561	0.021	1.577
180	457	0.792	25.254	0.013	2.831	23.87	0.021	1.384
184	466	0.19	26.801	0.013	0.775	25.276	0.021	1.525
191	377	0.099	27.511	0.013	0.287	26.357	0.021	1.154
204	377	0.095	27.554	0.013	0.191	26.799	0.021	0.755
196	448	0.036	28.618	0.013	0.197	26.764	0.021	1.854
204	429	0.039	28.513	0.013	0.095	27.551	0.021	0.962
215	437	0.489	25.777	0.013	1.419	24.62	0.021	1.157
208	443	0.021	29.178	0.013	0.243	26.538	0.021	2.64
216	461	0.014	29.628	0.013	0.05	28.257	0.021	1.371
219	421	0.133	27.192	0.013	0.694	25.396	0.021	1.796
221	412	0.72	25.356	0.013	2.104	24.192	0.021	1.164
211	401	0.558	25.633	0.013	2.452	24.026	0.021	1.607
249	384	11.018	22.395	0.013	41.979	20.942	0.021	1.453
245	379	2.264	24.113	0.013	6.542	22.961	0.021	1.152
194	369	0.443	25.885	0.013	3.159	23.751	0.021	2.134
247	421	0.205	26.721	0.013	1.237	24.769	0.021	1.952
244	399	0.083	27.708	0.013	0.715	25.364	0.021	2.344
278	471	0.209	26.701	0.013	1.294	24.72	0.021	1.981
313	448	0.169	26.931	0.013	0.66	25.451	0.021	1.48
303	470	7.245	22.85	0.013	28.854	21.349	0.021	1.501
287	439	4.776	23.302	0.013	18.636	21.824	0.021	1.478
317	427	9.862	22.515	0.013	38.167	21.046	0.021	1.469
339	461	0.522	25.705	0.013	2.042	24.225	0.021	1.48
328	406	0.18	26.864	0.013	0.294	26.329	0.021	0.535
323	399	0.111	27.383	0.013	0.35	26.141	0.021	1.242
333	369	0.09	27.618	0.013	0.401	25.993	0.021	1.625
305	361	5.065	23.239	0.013	14.386	22.105	0.021	1.134
245	362	2.694	23.924	0.013	10.058	22.494	0.021	1.43
282	367	0.158	27.004	0.013	0.999	25.001	0.021	2.003
185	363	0.095	27.554	0.013	0.366	26.091	0.021	1.463
203	367	0.134	27.18	0.013	0.175	26.895	0.021	0.285
163	350	-0.002	nan	0.013	0.179	26.865	0.021	nan
223	357	0.799	25.244	0.013	3.499	23.64	0.021	1.604
351	442	0.259	26.467	0.013	1.519	24.546	0.021	1.921
358	447	0.021	29.175	0.013	0.137	27.161	0.021	2.014
365	457	2.343	24.076	0.013	8.808	22.638	0.021	1.438
356	478	0.184	26.84	0.013	0.609	25.538	0.021	1.302
363	433	0.356	26.121	0.013	1.087	24.91	0.021	1.211
375	425	1.225	24.779	0.013	3.71	23.577	0.021	1.202
348	385	0.248	26.513	0.013	1.071	24.925	0.021	1.588
377	398	0.054	28.174	0.013	0.421	25.938	0.021	2.236
403	433	0.4	25.996	0.013	1.315	24.702	0.021	1.294
391	454	0.209	26.701	0.013	0.549	25.651	0.021	1.05
374	479	0.119	27.314	0.013	0.457	25.85	0.021	1.464
418	476	2.905	23.842	0.013	6.151	23.028	0.021	0.814
428	473	0.072	27.86	0.013	0.279	26.387	0.021	1.473
436	456	2.175	24.157	0.013	7.683	22.786	0.021	1.371
428	420	0.187	26.819	0.013	1.042	24.955	0.021	1.864
455	422	0.454	25.858	0.013	1.88	24.315	0.021	1.543
491	435	3.065	23.784	0.013	24.979	21.506	0.021	2.278
460	407	0.522	25.705	0.013	1.987	24.254	0.021	1.451
464	401	0.209	26.701	0.013	1.3	24.715	0.021	1.986
478	405	0.345	26.154	0.013	0.833	25.198	0.021	0.956
435	373	0.097	27.532	0.013	0.391	26.019	0.021	1.513
401	364	0.137	27.16	0.013	0.849	25.178	0.021	1.982
381	317	0.064	27.977	0.013	0.223	26.63	0.021	1.347
381	310	0.511	25.728	0.013	2.37	24.063	0.021	1.665
469	348	24.706	21.518	0.013	59.667	20.561	0.021	0.957
479	361	0.115	27.348	0.013	0.711	25.37	0.021	1.978
465	327	0.155	27.027	0.013	0.574	25.602	0.021	1.425
425	318	0.573	25.605	0.013	2.714	23.916	0.021	1.689
451	304	0.284	26.365	0.013	1.515	24.549	0.021	1.816
450	296	0.288	26.352	0.013	1.106	24.89	0.021	1.462
403	304	0.45	25.867	0.013	1.188	24.813	0.021	1.054
400	290	4.3	23.416	0.013	21.511	21.668	0.021	1.748
406	275	0.367	26.088	0.013	0.843	25.186	0.021	0.902
413	270	0.867	25.155	0.013	2.237	24.126	0.021	1.029
464	260	2.057	24.217	0.013	3.362	23.683	0.021	0.534
493	271	37.362	21.069	0.013	46.604	20.829	0.021	0.24
288	216	3.628	23.601	0.013	11.792	22.321	0.021	1.28
244	215	0.666	25.442	0.013	5.651	23.12	0.021	2.322
270	236	0.833	25.199	0.013	1.087	24.91	0.021	0.289
249	229	0.989	25.012	0.013	4.198	23.442	0.021	1.57
311	243	2.573	23.974	0.013	5.706	23.109	0.021	0.865
354	229	1.944	24.278	0.013	5.315	23.186	0.021	1.092
336	215	0.157	27.007	0.013	0.603	25.55	0.021	1.457
338	211	0.232	26.588	0.013	0.837	25.193	0.021	1.395
323	189	0.747	25.317	0.013	2.319	24.087	0.021	1.23
340	197	0.146	27.091	0.013	0.25	26.505	0.021	0.586
290	200	0.392	26.017	0.013	1.3	24.715	0.021	1.302
278	216	0.13	27.214	0.013	0.122	27.288	0.021	-0.074
372	233	0.238	26.561	0.013	1.11	24.886	0.021	1.675
360	236	0.223	26.628	0.013	1.106	24.89	0.021	1.738
361	218	1.95	24.275	0.013	3.413	23.667	0.021	0.608
391	243	8.44	22.684	0.013	21.354	21.676	0.021	1.008
393	252	0.511	25.73	0.013	3.144	23.756	0.021	1.974
344	239	0.119	27.314	0.013	0.177	26.879	0.021	0.435
411	239	-0.0	nan	0.013	0.025	29.01	0.021	nan
395	213	6.198	23.019	0.013	6.323	22.998	0.021	0.021
373	247	-0.008	nan	0.013	0.172	26.912	0.021	nan
302	190	0.091	27.6	0.013	0.228	26.604	0.021	0.996
437	211	0.136	27.162	0.013	0.897	25.117	0.021	2.045
471	208	0.075	27.808	0.013	0.396	26.006	0.021	1.802
481	192	0.446	25.877	0.013	2.276	24.107	0.021	1.77
488	182	0.162	26.979	0.013	1.563	24.515	0.021	2.464
479	183	0.086	27.663	0.013	0.538	25.673	0.021	1.99
424	242	0.046	28.332	0.013	0.076	27.803	0.021	0.529
451	228	0.043	28.42	0.013	0.223	26.63	0.021	1.79
361	204	0.013	29.711	0.013	0.079	27.751	0.021	1.96
370	199	1.241	24.766	0.013	5.831	23.086	0.021	1.68
433	203	0.118	27.316	0.013	0.324	26.223	0.021	1.093
432	157	0.108	27.42	0.013	0.507	25.738	0.021	1.682
423	196	1.087	24.91	0.013	5.222	23.205	0.021	1.705
419	152	0.194	26.779	0.013	0.792	25.253	0.021	1.526
386	156	1.817	24.352	0.013	6.933	22.898	0.021	1.454
405	170	1.784	24.372	0.013	8.245	22.71	0.021	1.662
354	150	0.099	27.511	0.013	0.186	26.826	0.021	0.685
332	158	0.087	27.647	0.013	0.239	26.553	0.021	1.094
452	147	0.198	26.76	0.013	1.095	24.902	0.021	1.858
321	180	0.04	28.483	0.013	0.116	27.335	0.021	1.148
315	181	0.044	28.383	0.013	0.165	26.959	0.021	1.424
335	173	0.126	27.247	0.013	0.517	25.717	0.021	1.53
299	180	0.119	27.314	0.013	0.447	25.875	0.021	1.439
300	164	0.724	25.35	0.013	2.831	23.87	0.021	1.48
288	187	1.911	24.297	0.013	5.151	23.22	0.021	1.077
290	180	0.72	25.357	0.013	1.38	24.65	0.021	0.707
289	161	0.306	26.286	0.013	0.639	25.487	0.021	0.799
281	150	0.333	26.193	0.013	0.41	25.969	0.021	0.224
272	200	4.901	23.274	0.013	7.683	22.786	0.021	0.488
270	185	2.089	24.2	0.013	9.011	22.613	0.021	1.587
210	236	0.521	25.707	0.013	0.884	25.134	0.021	0.573
321	146	0.072	27.862	0.013	0.149	27.069	0.021	0.793
175	229	6.682	22.938	0.013	30.136	21.302	0.021	1.636
234	215	0.325	26.219	0.013	1.145	24.853	0.021	1.366
227	212	4.284	23.42	0.013	6.597	22.952	0.021	0.468
232	204	2.436	24.033	0.013	8.995	22.615	0.021	1.418
252	190	3.061	23.785	0.013	4.964	23.26	0.021	0.525
216	200	3.413	23.667	0.013	14.636	22.086	0.021	1.581
217	158	1.475	24.578	0.013	5.472	23.155	0.021	1.423
209	165	0.158	27.005	0.013	0.303	26.296	0.021	0.709
258	160	3.843	23.538	0.013	16.261	21.972	0.021	1.566
196	169	0.095	27.553	0.013	0.234	26.578	0.021	0.975
183	175	0.06	28.053	0.013	0.261	26.46	0.021	1.593
59	339	0.271	26.417	0.013	1.05	24.947	0.021	1.47
87	321	1.026	24.972	0.013	1.247	24.76	0.021	0.212
85	339	0.154	27.032	0.013	0.751	25.311	0.021	1.721
60	302	3.163	23.75	0.013	8.839	22.634	0.021	1.116
80	326	0.291	26.341	0.013	1.894	24.307	0.021	2.034
12	339	0.522	25.705	0.013	2.05	24.221	0.021	1.484
55	316	-0.01	nan	0.013	0.057	28.113	0.021	nan
44	307	0.029	28.853	0.013	0.373	26.072	0.021	2.781
38	306	0.013	29.703	0.013	0.035	28.628	0.021	1.075
20	308	1.352	24.672	0.013	3.597	23.61	0.021	1.062
64	308	0.08	27.748	0.013	0.56	25.63	0.021	2.118
73	279	0.17	26.926	0.013	1.185	24.816	0.021	2.11
41	291	0.232	26.585	0.013	1.341	24.682	0.021	1.903
26	291	1.378	24.652	0.013	6.136	23.03	0.021	1.622
76	295	0.405	25.983	0.013	1.36	24.666	0.021	1.317
21	251	0.412	25.963	0.013	0.634	25.495	0.021	0.468
92	243	0.33	26.203	0.013	0.741	25.325	0.021	0.878
82	250	0.013	29.706	0.013	0.201	26.74	0.021	2.966
171	221	0.74	25.327	0.013	3.479	23.646	0.021	1.681
161	224	2.007	24.244	0.013	8.276	22.705	0.021	1.539
131	242	0.228	26.604	0.013	0.447	25.874	0.021	0.73
149	195	3.733	23.57	0.013	11.667	22.333	0.021	1.237
166	234	1.116	24.881	0.013	5.706	23.109	0.021	1.772
127	233	4.175	23.448	0.013	19.792	21.759	0.021	1.689
131	228	0.537	25.675	0.013	1.046	24.951	0.021	0.724
167	180	1.175	24.825	0.013	5.995	23.056	0.021	1.769
136	211	0.076	27.802	0.013	0.196	26.768	0.021	1.034
112	210	1.2	24.802	0.013	5.269	23.196	0.021	1.606
119	222	0.154	27.031	0.013	0.565	25.619	0.021	1.412
130	219	1.21	24.793	0.013	2.101	24.194	0.021	0.599
91	215	0.111	27.388	0.013	0.64	25.485	0.021	1.903
61	205	0.721	25.354	0.013	1.163	24.836	0.021	0.518
110	229	1.493	24.565	0.013	1.935	24.284	0.021	0.281
75	196	0.733	25.337	0.013	1.585	24.5	0.021	0.837
28	206	1.034	24.964	0.013	3.663	23.59	0.021	1.374
72	215	3.093	23.774	0.013	14.651	22.085	0.021	1.689
32	162	23.081	21.592	0.013	25.573	21.481	0.021	0.111
18	181	1.405	24.631	0.013	6.878	22.906	0.021	1.725
99	171	0.424	25.933	0.013	0.875	25.145	0.021	0.788
99	186	1.372	24.657	0.013	6.737	22.929	0.021	1.728
113	147	0.401	25.992	0.013	2.476	24.016	0.021	1.976
78	138	0.307	26.281	0.013	1.13	24.867	0.021	1.414
13	110	10.128	22.486	0.013	40.979	20.969	0.021	1.517
63	85	2.257	24.116	0.013	3.354	23.686	0.021	0.43
119	155	1.899	24.304	0.013	5.784	23.094	0.021	1.21
118	97	4.62	23.338	0.013	5.394	23.17	0.021	0.168
103	116	1.124	24.873	0.013	6.644	22.944	0.021	1.929
152	116	0.499	25.755	0.013	0.732	25.338	0.021	0.417
120	134	5.081	23.235	0.013	11.464	22.352	0.021	0.883
168	117	0.627	25.507	0.013	2.292	24.099	0.021	1.408
161	107	0.585	25.583	0.013	2.241	24.124	0.021	1.459
157	91	0.571	25.608	0.013	0.909	25.103	0.021	0.505
169	129	0.384	26.04	0.013	1.802	24.361	0.021	1.679
136	90	0.303	26.295	0.013	0.457	25.851	0.021	0.444
137	107	0.154	27.029	0.013	0.127	27.241	0.021	-0.212
182	97	0.78	25.27	0.013	0.915	25.096	0.021	0.174
228	94	12.643	22.245	0.013	49.979	20.753	0.021	1.492
240	133	49.175	20.771	0.013	56.479	20.62	0.021	0.151
208	122	2.803	23.881	0.013	37.354	21.069	0.021	2.812
197	90	78.112	20.268	0.013	37.979	21.051	0.021	-0.783
275	92	1.731	24.404	0.013	2.354	24.07	0.021	0.334
249	138	6.479	22.971	0.013	30.104	21.303	0.021	1.668
281	105	0.884	25.134	0.013	3.722	23.573	0.021	1.561
301	115	0.206	26.714	0.013	0.953	25.052	0.021	1.662
261	104	0.28	26.384	0.013	1.89	24.309	0.021	2.075
323	117	0.487	25.781	0.013	1.931	24.286	0.021	1.495
320	104	0.144	27.105	0.013	0.55	25.65	0.021	1.455
180	140	0.134	27.186	0.013	0.221	26.641	0.021	0.545
190	142	0.05	28.248	0.013	0.196	26.769	0.021	1.479
89	122	0.158	27.005	0.013	2.085	24.202	0.021	2.803
130	69	3.339	23.691	0.013	18.198	21.85	0.021	1.841
76	70	0.376	26.061	0.013	0.618	25.522	0.021	0.539
64	18	14.362	22.107	0.013	18.792	21.815	0.021	0.292
29	44	1.786	24.37	0.013	11.011	22.395	0.021	1.975
74	27	0.544	25.662	0.013	2.647	23.943	0.021	1.719
79	55	20.112	21.741	0.013	25.167	21.498	0.021	0.243
106	13	0.73	25.341	0.013	3.39	23.675	0.021	1.666
147	32	0.47	25.82	0.013	3.761	23.562	0.021	2.258
92	36	3.995	23.496	0.013	12.183	22.286	0.021	1.21
128	23	0.297	26.319	0.013	1.839	24.339	0.021	1.98
161	46	0.099	27.513	0.013	0.496	25.761	0.021	1.752
184	44	0.38	26.05	0.013	1.101	24.896	0.021	1.154
323	72	1.026	24.972	0.013	5.659	23.118	0.021	1.854
243	45	0.349	26.143	0.013	1.886	24.311	0.021	1.832
352	52	21.206	21.684	0.013	35.229	21.133	0.021	0.551
267	27	1.089	24.908	0.013	4.94	23.266	0.021	1.642
316	15	0.818	25.218	0.013	6.589	22.953	0.021	2.265
256	18	0.182	26.849	0.013	0.246	26.524	0.021	0.325
355	122	0.995	25.006	0.013	4.245	23.43	0.021	1.576
418	142	0.329	26.206	0.013	2.417	24.042	0.021	2.164
424	137	0.662	25.448	0.013	2.144	24.172	0.021	1.276
371	80	0.752	25.31	0.013	3.187	23.742	0.021	1.568
407	92	0.591	25.572	0.013	0.587	25.579	0.021	-0.007
423	83	0.884	25.134	0.013	3.276	23.712	0.021	1.422
470	108	0.111	27.383	0.013	0.096	27.545	0.021	-0.162
410	16	0.947	25.059	0.013	2.308	24.092	0.021	0.967
385	32	0.904	25.109	0.013	4.12	23.463	0.021	1.646
420	30	0.56	25.629	0.013	2.894	23.846	0.021	1.783
462	42	0.165	26.954	0.013	0.315	26.254	0.021	0.7
438	36	0.848	25.178	0.013	4.065	23.477	0.021	1.701
