47.2
51.7
54.1
46.2
46.7
48.4
50.3
49.7
53.1
50.1
55.4
46.2
47.3
49.0
52.9
52.7
48.8
47.3
51.6
51.2
55.8
59.7
46.3
47.2
48.8
58.8
59.3
57.7
56.3
57.0
49.2
58.3
60.2
55.6
49.0
46.3
47.3
50.1
53.3
61.2
59.0
58.3
59.3
60.2
57.6
58.0
57.3
59.3
57.7
55.5

63.4
68.7
83.9
88.8
91.2
73.4
58.8
80.1
83.3
82.7
80.1
60.7
74.5
75.5
80.3
79.5
79.3
68.4
71.3
90.4
91.2
87.6
89.4
83.3
82.1
89.8
87.4
85.6
86.3
87.4
71.3
49.5
59.2
68.2
61.2
70.1
90.1
82.5
81.9
72.3
77.8
66.6
67.8
59.3
81.2
89.3
90.1
89.2
80.4
81.5
